消融实验参数敏感性数据汇总

说明：
1. 本文档不包含已经单独整理的 w/o 组件消融数据。
2. 以下均为验证集联合指标选出的最佳 epoch 所对应的测试集结果。
3. 最佳 epoch 的选择标准为：R@20 + R@40 + NDCG@20 + NDCG@40。
4. R 表示 Recall，N 表示 NDCG；所有结果统一保留五位小数。
5. 数据来源：
   ablation_runs/full_ablation_20260714/results.csv
   ablation_runs/beta_end_sensitivity_20260716/results.csv
   图表数据/模块一消融实验数据.txt（iFashion κ=1、3、5、7、9 的 DiGO 结果）


一、TopK 参数敏感性实验

参数：rebuild_k
数据集：Youshu、NetEase、iFashion
取值：1、3、5、7、9、11、13、15、17、19

Youshu

k | R@10 | N@10 | R@20 | N@20 | R@40 | N@40 | R@80 | N@80
1  | 0.20406 | 0.14779 | 0.28915 | 0.17186 | 0.39392 | 0.20046 | 0.51865 | 0.22904
3  | 0.19925 | 0.14481 | 0.28930 | 0.17041 | 0.39079 | 0.19816 | 0.51820 | 0.22726
5  | 0.20069 | 0.14535 | 0.28712 | 0.17016 | 0.39539 | 0.19943 | 0.51908 | 0.22798
7  | 0.20393 | 0.14668 | 0.28946 | 0.17112 | 0.39964 | 0.20073 | 0.52039 | 0.22856
9  | 0.20172 | 0.14522 | 0.28797 | 0.16994 | 0.39787 | 0.19951 | 0.51901 | 0.22760
11 | 0.20133 | 0.14513 | 0.29023 | 0.17052 | 0.39700 | 0.19950 | 0.51967 | 0.22775
13 | 0.20073 | 0.14511 | 0.29080 | 0.17079 | 0.39140 | 0.19841 | 0.52134 | 0.22786
15 | 0.20263 | 0.14619 | 0.28877 | 0.17068 | 0.39619 | 0.19987 | 0.52020 | 0.22835
17 | 0.20317 | 0.14620 | 0.28727 | 0.17096 | 0.39516 | 0.19965 | 0.52030 | 0.22805
19 | 0.20102 | 0.14480 | 0.28597 | 0.17073 | 0.39622 | 0.19906 | 0.51774 | 0.22708

NetEase

k | R@10 | N@10 | R@20 | N@20 | R@40 | N@40 | R@80 | N@80
1  | 0.04523 | 0.03061 | 0.07288 | 0.03923 | 0.11077 | 0.04913 | 0.16292 | 0.06076
3  | 0.05302 | 0.03536 | 0.08386 | 0.04499 | 0.12666 | 0.05625 | 0.18223 | 0.06870
5  | 0.05663 | 0.03768 | 0.08853 | 0.04761 | 0.13203 | 0.05913 | 0.18992 | 0.07205
7  | 0.05907 | 0.03926 | 0.09238 | 0.04952 | 0.13602 | 0.06108 | 0.19137 | 0.07357
9  | 0.06008 | 0.03981 | 0.09327 | 0.05006 | 0.13672 | 0.06163 | 0.19233 | 0.07417
11 | 0.06120 | 0.04055 | 0.09341 | 0.05055 | 0.13593 | 0.06180 | 0.19212 | 0.07441
13 | 0.06039 | 0.04028 | 0.09460 | 0.05095 | 0.13811 | 0.06245 | 0.19205 | 0.07466
15 | 0.06129 | 0.04042 | 0.09537 | 0.05101 | 0.13795 | 0.06237 | 0.19214 | 0.07461
17 | 0.06124 | 0.04056 | 0.09358 | 0.05065 | 0.13739 | 0.06231 | 0.19218 | 0.07472
19 | 0.06102 | 0.04067 | 0.09301 | 0.05092 | 0.13844 | 0.06268 | 0.19230 | 0.07490

iFashion

说明：κ=1、3、5、7、9 来自模块一 DiGO（原 Diffusion）结果；κ=11、13、15、17、19 为补充后的 Recall@20 数据。

k | R@10 | N@10 | R@20 | N@20
1  | 0.11079 | 0.10899 | 0.15600 | 0.12727
3  | 0.11451 | 0.11461 | 0.15691 | 0.13160
5  | 0.11469 | 0.11509 | 0.15716 | 0.13213
7  | 0.11347 | 0.11328 | 0.15651 | 0.13056
9  | 0.11163 | 0.11120 | 0.15528 | 0.12878
11 | -       | -       | 0.15418 | -
13 | -       | -       | 0.15318 | -
15 | -       | -       | 0.15228 | -
17 | -       | -       | 0.15158 | -
19 | -       | -       | 0.15118 | -


二、融合前对比学习权重敏感性实验

参数：anchor_cl_lambda
数据集：Youshu、NetEase

Youshu

lambda | R@10 | N@10 | R@20 | N@20 | R@40 | N@40 | R@80 | N@80
0.000 | 0.20468 | 0.14531 | 0.29006 | 0.16928 | 0.39738 | 0.19825 | 0.51631 | 0.22560
0.001 | 0.20487 | 0.14659 | 0.29014 | 0.17101 | 0.40039 | 0.20071 | 0.51879 | 0.22793
0.003 | 0.20469 | 0.14784 | 0.29109 | 0.17267 | 0.40166 | 0.20228 | 0.52035 | 0.22966
0.005 | 0.20435 | 0.14853 | 0.29439 | 0.17414 | 0.39582 | 0.20189 | 0.52236 | 0.23067
0.007 | 0.20213 | 0.14621 | 0.29224 | 0.17189 | 0.39793 | 0.20062 | 0.52325 | 0.22928
0.009 | 0.19888 | 0.14449 | 0.28797 | 0.16991 | 0.38927 | 0.19785 | 0.51965 | 0.22751

NetEase

lambda | R@10 | N@10 | R@20 | N@20 | R@40 | N@40 | R@80 | N@80
0.000 | 0.05786 | 0.03851 | 0.09061 | 0.04872 | 0.13786 | 0.06118 | 0.19874 | 0.07488
0.001 | 0.05815 | 0.03899 | 0.09186 | 0.04947 | 0.13961 | 0.06208 | 0.19818 | 0.07528
0.003 | 0.05972 | 0.03961 | 0.09319 | 0.05006 | 0.13949 | 0.06228 | 0.19812 | 0.07540
0.005 | 0.05961 | 0.03995 | 0.09453 | 0.05078 | 0.13934 | 0.06272 | 0.19619 | 0.07550
0.007 | 0.06016 | 0.04024 | 0.09512 | 0.05111 | 0.13736 | 0.06241 | 0.19259 | 0.07482
0.009 | 0.06049 | 0.04035 | 0.09369 | 0.05076 | 0.13587 | 0.06199 | 0.19023 | 0.07421


ifashion recall (0.000  0.001  0.003  0.005  0.007  0.009) 20 0.1551	0.1557	0.1555	0.1561	0.1559	0.1556


三、扩散噪声强度敏感性实验

参数：latent_diffusion_beta_end
数据集：Youshu、NetEase、iFashion
取值：0.005、0.01、0.02、0.04、0.06、0.08

Youshu

beta_end | R@10 | N@10 | R@20 | N@20 | R@40 | N@40 | R@80 | N@80
0.005 | 0.20287 | 0.14626 | 0.28568 | 0.17045 | 0.39833 | 0.20055 | 0.52255 | 0.22916
0.010 | 0.20212 | 0.14605 | 0.28609 | 0.17048 | 0.39740 | 0.20027 | 0.52128 | 0.22893
0.020 | 0.20360 | 0.14660 | 0.28926 | 0.17110 | 0.39964 | 0.20077 | 0.52033 | 0.22856
0.040 | 0.19910 | 0.14436 | 0.28833 | 0.17009 | 0.39788 | 0.19946 | 0.52170 | 0.22791
0.060 | 0.20234 | 0.14494 | 0.28631 | 0.16915 | 0.39350 | 0.19818 | 0.52113 | 0.22719
0.080 | 0.20345 | 0.14515 | 0.28684 | 0.16953 | 0.39709 | 0.19893 | 0.52125 | 0.22743

NetEase

beta_end | R@10 | N@10 | R@20 | N@20 | R@40 | N@40 | R@80 | N@80
0.005 | 0.06045 | 0.04016 | 0.09401 | 0.05096 | 0.13809 | 0.06239 | 0.19412 | 0.07493
0.010 | 0.06068 | 0.04026 | 0.09423 | 0.05075 | 0.13719 | 0.06219 | 0.19217 | 0.07454
0.020 | 0.06014 | 0.04015 | 0.09455 | 0.05088 | 0.13819 | 0.06242 | 0.19228 | 0.07466
0.040 | 0.06052 | 0.04021 | 0.09537 | 0.05108 | 0.13908 | 0.06266 | 0.19396 | 0.07504
0.060 | 0.06068 | 0.04031 | 0.09482 | 0.05095 | 0.13773 | 0.06240 | 0.19230 | 0.07469
0.080 | 0.06023 | 0.04008 | 0.09438 | 0.05074 | 0.13809 | 0.06231 | 0.19234 | 0.07457

iFashion

beta_end | R@10 | N@10 | R@20 | N@20 | R@40 | N@40 | R@80 | N@80
0.005 | 0.11349 | 0.11379 | 0.15647 | 0.13113 | 0.20702 | 0.14884 | 0.26380 | 0.16585
0.010 | 0.11432 | 0.11446 | 0.15650 | 0.13135 | 0.20632 | 0.14889 | 0.26427 | 0.16621
0.020 | 0.11434 | 0.11464 | 0.15657 | 0.13159 | 0.20696 | 0.14933 | 0.26411 | 0.16639
0.040 | 0.11422 | 0.11447 | 0.15648 | 0.13143 | 0.20683 | 0.14914 | 0.26376 | 0.16616
0.060 | 0.11418 | 0.11467 | 0.15640 | 0.13161 | 0.20658 | 0.14925 | 0.26426 | 0.16650
0.080 | 0.11456 | 0.11501 | 0.15629 | 0.13169 | 0.20699 | 0.14953 | 0.26406 | 0.16662
